197 121 89
158 88 66
155 87 52
49 35 33
160 84 61
208 168 158
40 34 44
126 65 52
35 20 19
229 139 90
103 44 30
176 131 120
154 94 79
203 127 106
67 48 48
163 86 64
155 90 75
160 104 83
228 171 128
190 137 122
154 94 86
63 37 43
118 81 75
112 60 51
117 58 42
170 90 66
155 101 81
140 78 77
168 124 114
169 82 58
129 60 47
119 64 54
48 38 38
156 79 57
147 98 80
178 103 77
180 105 87
72 47 54
112 58 46
150 72 51
106 78 87
111 63 56
168 93 68
123 71 71
50 43 53
115 69 60
225 163 118
178 96 75
168 117 105
138 74 62
89 60 63
56 37 31
119 90 95
66 40 38
85 55 53
148 116 119
130 68 56
94 49 43
207 174 171
195 126 102
143 76 60
218 163 147
157 74 47
97 53 48
60 47 64
135 102 107
93 57 53
43 29 34
57 43 42
205 128 88
166 85 68
52 28 28
107 55 47
188 115 90
171 98 63
53 43 44
163 94 70
35 26 30
59 40 37
216 153 111
69 43 42
105 92 114
161 93 101
79 62 77
137 67 52
163 96 81
92 76 95
148 82 69
58 46 47
169 95 72
205 141 118
142 85 71
101 52 44
175 99 82
217 146 96
68 42 48
153 77 55
127 71 60
191 111 72
145 78 63
172 97 75
137 95 82
21 12 12
185 117 99
217 155 137
133 89 92
24 24 32
43 38 38
224 172 157
151 79 64
144 99 85
163 91 60
168 102 87
63 30 23
43 36 33
58 44 53
150 92 70
80 44 43
52 38 37
162 107 88
132 74 63
93 84 107
101 62 55
150 101 83
186 109 80
168 86 62
131 85 72
74 42 38
181 139 127
160 82 58
78 51 51
53 41 34
177 94 71
217 115 70
173 88 63
64 35 32
178 122 107
223 154 103
182 107 78
188 108 85
55 40 39
168 90 72
34 34 35
117 61 50
157 79 61
147 104 96
146 86 63
114 105 132
157 99 74
201 133 111
102 56 49
109 52 39
74 46 44
122 63 47
81 45 37
149 80 60
175 100 73
240 203 197
188 114 82
133 71 58
57 32 35
46 36 26
154 85 69
125 81 68
52 39 42
183 102 80
206 152 135
134 75 54
57 39 47
107 59 51
67 55 75
124 67 56
88 47 44
68 52 61
90 51 48
174 92 70
192 145 130
52 42 39
64 44 42
80 67 88
175 91 66
142 71 51
192 151 139
161 86 73
78 53 61
130 123 153
166 111 92
159 82 66
169 94 55
63 47 55
50 36 47
44 25 23
148 74 60
143 95 79
78 48 46
99 65 62
174 113 97
175 110 86
191 155 148
188 92 82
83 34 27
146 60 31
83 49 47
124 53 36
140 91 75
172 86 69
60 41 41
72 37 32
205 141 99
115 76 66
201 159 148
153 83 64
56 19 12
106 70 69
63 44 36
148 88 76
185 129 114
167 76 53
137 79 66
47 41 41
155 105 87
139 72 57
37 30 25
97 47 36
195 163 160
61 44 45
49 33 39
238 182 141
164 90 67
165 139 143
196 120 83
89 45 37
126 87 77
159 111 100
144 64 44
145 76 55
184 145 136
57 37 40
193 93 56
182 105 66
182 100 73
180 92 65
164 81 63
55 36 36
132 68 48
134 91 77
75 58 68
194 119 97
192 117 86
92 68 77
165 101 75
172 97 69
211 147 126
224 185 177
165 107 83
164 91 77
